3 <- 4 -> 5 (78.93516666696706, 49.267444444248056)
4 <- 5 -> 6 (78.93516666696706, 49.267166666470274)
5 <- 6 -> 7 (78.93433333363373, 49.267166666470274)
6 <- 7 -> 8 (78.93433333363373, 49.267444444248056)
7 <- 8 -> 9 (78.93294444474485, 49.267444444248056)
8 <- 9 -> 10 (78.93294444474485, 49.267166666470274)
9 <- 10 -> 11 (78.93238888918928, 49.267166666470274)
10 <- 11 -> 12 (78.93238888918928, 49.26688888869249)
11 <- 12 -> 13 (78.93183333363373, 49.26688888869249)
12 <- 13 -> 14 (78.93183333363373, 49.266611110914724)
13 <- 14 -> 15 (78.93127777807818, 49.266611110914724)
14 <- 15 -> 16 (78.93127777807818, 49.26605555535916)
15 <- 16 -> 17 (78.92933333363374, 49.26605555535916)
16 <- 17 -> 18 (78.92933333363374, 49.26577777758139)
17 <- 18 -> 19 (78.92572222252262, 49.26577777758139)
18 <- 19 -> 120 (78.92572222252262, 49.26549999980361)
19 <- 120 -> 117 (78.9310000003004, 49.26549999980361)
120 <- 117 -> 108 (78.9310000003004, 49.26577777758139)
117 <- 108 -> 109 (78.93211111141152, 49.26577777758139)
108 <- 109 -> 110 (78.93211111141152, 49.266611110914724)
109 <- 110 -> 103 (78.93322222252263, 49.266611110914724)
110 <- 103 -> 104 (78.93322222252263, 49.26688888869249)
103 <- 104 -> 105 (78.93350000030041, 49.26688888869249)
104 <- 105 -> 115 (78.93350000030041, 49.26605555535916)
105 <- 115 -> 112 (78.93461111141151, 49.266611110914724)
115 <- 112 -> 113 (78.93461111141151, 49.26688888869249)
112 <- 113 -> 114 (78.93488888918928, 49.26688888869249)
113 <- 114 -> 115 (78.93488888918928, 49.266611110914724)
114 <- 115 -> 105 (78.93461111141151, 49.266611110914724)
115 <- 105 -> 106 (78.93350000030041, 49.26605555535916)
105 <- 106 -> 107 (78.93266666696707, 49.26605555535916)
106 <- 107 -> 118 (78.93266666696707, 49.26577777758139)
107 <- 118 -> 119 (78.93155555585595, 49.26577777758139)
118 <- 119 -> 20 (78.93155555585595, 49.26549999980361)
119 <- 20 -> 21 (78.92544444474484, 49.26549999980361)
20 <- 21 -> 22 (78.92544444474484, 49.26522222202583)
21 <- 22 -> 23 (78.92516666696707, 49.26522222202583)
22 <- 23 -> 24 (78.92516666696707, 49.26494444424806)
23 <- 24 -> 25 (78.92433333363374, 49.26494444424806)
24 <- 25 -> 26 (78.92433333363374, 49.263833333136944)
25 <- 26 -> 27 (78.9235000003004, 49.263833333136944)
26 <- 27 -> 28 (78.9235000003004, 49.264111110914726)
27 <- 28 -> 29 (78.92405555585596, 49.264111110914726)
28 <- 29 -> 30 (78.92405555585596, 49.264388888692494)
29 <- 30 -> 31 (78.92294444474484, 49.264388888692494)
30 <- 31 -> 32 (78.92294444474484, 49.264111110914726)
31 <- 32 -> 33 (78.92266666696706, 49.264111110914726)
32 <- 33 -> 34 (78.92266666696706, 49.264388888692494)
33 <- 34 -> 35 (78.92183333363374, 49.264388888692494)
34 <- 35 -> 36 (78.92183333363374, 49.264111110914726)
35 <- 36 -> 37 (78.92155555585596, 49.264111110914726)
36 <- 37 -> 38 (78.92155555585596, 49.263833333136944)
37 <- 38 -> 39 (78.92127777807818, 49.263833333136944)
38 <- 39 -> 40 (78.92127777807818, 49.26327777758139)
39 <- 40 -> 41 (78.9210000003004, 49.26327777758139)
40 <- 41 -> 42 (78.9210000003004, 49.26272222202583)
41 <- 42 -> 43 (78.92044444474485, 49.26272222202583)
42 <- 43 -> 44 (78.92044444474485, 49.26216666647028)
43 <- 44 -> 45 (78.92072222252263, 49.26216666647028)
44 <- 45 -> 46 (78.92072222252263, 49.261888888692496)
45 <- 46 -> 47 (78.92044444474485, 49.261888888692496)
46 <- 47 -> 125 (78.92044444474485, 49.261611110914714)
47 <- 125 -> 122 (78.92127777807818, 49.261611110914714)
125 <- 122 -> 123 (78.92127777807818, 49.261888888692496)
122 <- 123 -> 124 (78.92155555585596, 49.261888888692496)
123 <- 124 -> 48 (78.92155555585596, 49.261611110914714)
124 <- 48 -> 49 (78.91905555585596, 49.261611110914714)
48 <- 49 -> 50 (78.91905555585596, 49.261333333136946)
49 <- 50 -> 51 (78.91822222252263, 49.261333333136946)
50 <- 51 -> 52 (78.91822222252263, 49.261055555359164)
51 <- 52 -> 53 (78.9185000003004, 49.261055555359164)
52 <- 53 -> 54 (78.9185000003004, 49.26077777758138)
53 <- 54 -> 55 (78.91961111141151, 49.26077777758138)
54 <- 55 -> 56 (78.91961111141151, 49.261055555359164)
55 <- 56 -> 57 (78.92072222252263, 49.261055555359164)
56 <- 57 -> 58 (78.92072222252263, 49.261333333136946)
57 <- 58 -> 59 (78.92211111141151, 49.261333333136946)
58 <- 59 -> 60 (78.92211111141151, 49.261611110914714)
59 <- 60 -> 61 (78.9235000003004, 49.261611110914714)
60 <- 61 -> 62 (78.9235000003004, 49.261333333136946)
61 <- 62 -> 63 (78.92405555585596, 49.261333333136946)
62 <- 63 -> 64 (78.92405555585596, 49.261611110914714)
63 <- 64 -> 65 (78.92544444474484, 49.261611110914714)
64 <- 65 -> 66 (78.92544444474484, 49.261888888692496)
65 <- 66 -> 67 (78.92711111141152, 49.261888888692496)
66 <- 67 -> 68 (78.92711111141152, 49.26216666647028)
67 <- 68 -> 69 (78.92933333363374, 49.26216666647028)
68 <- 69 -> 70 (78.92933333363374, 49.26244444424806)
69 <- 70 -> 71 (78.93044444474485, 49.26244444424806)
70 <- 71 -> 72 (78.93044444474485, 49.26272222202583)
71 <- 72 -> 73 (78.93127777807818, 49.26272222202583)
72 <- 73 -> 74 (78.93127777807818, 49.26355555535916)
73 <- 74 -> 75 (78.93155555585595, 49.26355555535916)
74 <- 75 -> 76 (78.93155555585595, 49.263833333136944)
75 <- 76 -> 77 (78.93183333363373, 49.263833333136944)
76 <- 77 -> 78 (78.93183333363373, 49.264111110914726)
77 <- 78 -> 79 (78.93377777807818, 49.264111110914726)
78 <- 79 -> 80 (78.93377777807818, 49.264388888692494)
79 <- 80 -> 81 (78.93572222252263, 49.264388888692494)
80 <- 81 -> 82 (78.93572222252263, 49.264666666470276)
81 <- 82 -> 83 (78.93711111141151, 49.264666666470276)
82 <- 83 -> 84 (78.93711111141151, 49.26494444424806)
83 <- 84 -> 85 (78.9373888891893, 49.26494444424806)
84 <- 85 -> 86 (78.9373888891893, 49.26605555535916)
85 <- 86 -> 87 (78.93711111141151, 49.26605555535916)
86 <- 87 -> 88 (78.93711111141151, 49.266611110914724)
87 <- 88 -> 89 (78.93627777807818, 49.266611110914724)
88 <- 89 -> 90 (78.93627777807818, 49.26688888869249)
89 <- 90 -> 91 (78.93544444474485, 49.26688888869249)
90 <- 91 -> 92 (78.93544444474485, 49.267166666470274)
91 <- 92 -> 93 (78.93572222252263, 49.267166666470274)
92 <- 93 -> 94 (78.93572222252263, 49.267444444248056)
93 <- 94 -> 95 (78.9360000003004, 49.267444444248056)
94 <- 95 -> 96 (78.9360000003004, 49.267166666470274)
95 <- 96 -> 97 (78.93711111141151, 49.267166666470274)
96 <- 97 -> 98 (78.93711111141151, 49.267444444248056)
97 <- 98 -> 99 (78.93627777807818, 49.267444444248056)
98 <- 99 -> 100 (78.93627777807818, 49.26772222202584)
99 <- 100 -> 101 (78.93544444474485, 49.26772222202584)
100 <- 101 -> 0 (78.93544444474485, 49.26799999980361)
101 <- 0 -> 1 (78.93516666696706, 49.26799999980361)
0 <- 1 -> 2 (78.93516666696706, 49.26772222202584)
1 <- 2 -> 3 (78.93488888918928, 49.26772222202584)
2 <- 3 -> 4 (78.93488888918928, 49.267444444248056)