field=body
#bit #df==ttf  #df_with_ttf  #df  #ttf
 1 43532656 / 48860170 48860170 43532656
 2 10328824 / 13979539 13979539 16200377
 3 2682453 / 5032450 5032450 6532755
 4 836109 / 2471794 2471794 3134437
 5 262696 / 1324704 1324704 1718862
 6 86487 / 755797 755797 990563
 7 29276 / 442974 442974 571996
 8 11257 / 263874 263874 339382
 9 4627 / 161402 161402 205662
10 2060 / 102198 102198 128034
11 979 / 63955 63955 79531
12 386 / 39377 39377 48805
13 170 / 24321 24321 30113
14 65 / 14686 14686 18437
15 10 / 9055 9055 10918
16 2 / 5229 5229 6821
17 0 / 2669 2669 3595
18 0 / 1312 1312 1897
19 0 / 696 696 914
20 0 / 209 209 509
21 0 / 44 44 148
22 0 / 4 4 38
23 0 / 0 0 8
24 0 / 0 0 1
25 0 / 0 0 0
26 0 / 0 0 0
27 0 / 0 0 0
28 0 / 0 0 0
29 0 / 0 0 0
30 0 / 0 0 0
31 0 / 0 0 0
32 0 / 0 0 0
sum 57778057 / 73556459 73556459 73556459
summary:
    steals one bit:  91380959.0
    use df==0: 105188224.0
    old format: 148720880.0

field=titleTokenized
#bit #df==ttf  #df_with_ttf  #df  #ttf
 1 1082736 / 1083074 1083074 1082736
 2 976719 / 977475 977475 977149
 3 657262 / 658350 658350 658197
 4 357421 / 358633 358633 358852
 5 185637 / 187098 187098 187277
 6 99455 / 101124 101124 101262
 7 54989 / 56785 56785 56897
 8 30734 / 32604 32604 32663
 9 17115 / 19245 19245 19290
10 8905 / 10860 10860 10887
11 4339 / 6132 6132 6148
12 1897 / 3234 3234 3236
13 729 / 1633 1633 1644
14 295 / 792 792 798
15 147 / 431 431 433
16 42 / 155 155 156
17 24 / 61 61 61
18 8 / 18 18 17
19 5 / 19 19 20
20 2 / 3 3 3
21 0 / 0 0 0
22 0 / 0 0 0
23 0 / 0 0 0
24 0 / 0 0 0
25 0 / 0 0 0
26 0 / 0 0 0
27 0 / 0 0 0
28 0 / 0 0 0
29 0 / 0 0 0
30 0 / 0 0 0
31 0 / 0 0 0
32 0 / 0 0 0
sum 3478461 / 3497726 3497726 3497726
summary:
    steals one bit:  3662018.0
    use df==0: 6064636.0
    old format: 7147372.0

field=group100K
#bit #df==ttf  #df_with_ttf  #df  #ttf
 1 0 / 0 220323 0
 2 0 / 0 36322 0
 3 0 / 0 493450 0
 4 0 / 0 6090 0
 5 0 / 0 0 0
 6 0 / 0 500000 0
 7 0 / 0 0 0
 8 0 / 0 0 0
 9 0 / 0 0 0
10 0 / 0 0 0
11 0 / 0 0 0
12 0 / 0 0 0
13 0 / 0 0 0
14 0 / 0 0 0
15 0 / 0 0 0
16 0 / 0 0 0
17 0 / 0 0 0
18 0 / 0 0 0
19 0 / 0 0 0
20 0 / 0 0 0
21 0 / 0 0 0
22 0 / 0 0 0
23 0 / 0 0 0
24 0 / 0 0 0
25 0 / 0 0 0
26 0 / 0 0 0
27 0 / 0 0 0
28 0 / 0 0 0
29 0 / 0 0 0
30 0 / 0 0 0
31 0 / 0 0 0
32 0 / 0 0 0
sum 0 / 0 1256185 0
summary:
    steals one bit:  1256185.0
    use df==0: 1256185.0
    old format: 1256185.0

field=title
#bit #df==ttf  #df_with_ttf  #df  #ttf
 1 0 / 0 2638747 0
 2 0 / 0 2015784 0
 3 0 / 0 1351083 0
 4 0 / 0 573319 0
 5 0 / 0 216665 0
 6 0 / 0 83939 0
 7 0 / 0 27401 0
 8 0 / 0 7367 0
 9 0 / 0 2524 0
10 0 / 0 389 0
11 0 / 0 47 0
12 0 / 0 4 0
13 0 / 0 0 0
14 0 / 0 0 0
15 0 / 0 0 0
16 0 / 0 0 0
17 0 / 0 0 0
18 0 / 0 0 0
19 0 / 0 0 0
20 0 / 0 0 0
21 0 / 0 0 0
22 0 / 0 0 0
23 0 / 0 0 0
24 0 / 0 0 0
25 0 / 0 0 0
26 0 / 0 0 0
27 0 / 0 0 0
28 0 / 0 0 0
29 0 / 0 0 0
30 0 / 0 0 0
31 0 / 0 0 0
32 0 / 0 0 0
sum 0 / 0 6917269 0
summary:
    steals one bit:  6927600.0
    use df==0: 6927600.0
    old format: 6927600.0

field=groupend
#bit #df==ttf  #df_with_ttf  #df  #ttf
 1 0 / 0 0 0
 2 0 / 0 0 0
 3 0 / 0 0 0
 4 0 / 0 0 0
 5 0 / 0 0 0
 6 0 / 0 0 0
 7 0 / 0 0 0
 8 0 / 0 0 0
 9 0 / 0 2 0
10 0 / 0 1 0
11 0 / 0 4 0
12 0 / 0 0 0
13 0 / 0 0 0
14 0 / 0 0 0
15 0 / 0 5 0
16 0 / 0 0 0
17 0 / 0 0 0
18 0 / 0 5 0
19 0 / 0 0 0
20 0 / 0 0 0
21 0 / 0 0 0
22 0 / 0 0 0
23 0 / 0 0 0
24 0 / 0 0 0
25 0 / 0 0 0
26 0 / 0 0 0
27 0 / 0 0 0
28 0 / 0 0 0
29 0 / 0 0 0
30 0 / 0 0 0
31 0 / 0 0 0
32 0 / 0 0 0
sum 0 / 0 17 0
summary:
    steals one bit:  44.0
    use df==0: 44.0
    old format: 44.0

field=group100
#bit #df==ttf  #df_with_ttf  #df  #ttf
 1 0 / 0 0 0
 2 0 / 0 0 0
 3 0 / 0 0 0
 4 0 / 0 0 0
 5 0 / 0 0 0
 6 0 / 0 0 0
 7 0 / 0 49 0
 8 0 / 0 225 0
 9 0 / 0 26 0
10 0 / 0 400 0
11 0 / 0 0 0
12 0 / 0 0 0
13 0 / 0 500 0
14 0 / 0 0 0
15 0 / 0 0 0
16 0 / 0 500 0
17 0 / 0 0 0
18 0 / 0 0 0
19 0 / 0 0 0
20 0 / 0 0 0
21 0 / 0 0 0
22 0 / 0 0 0
23 0 / 0 0 0
24 0 / 0 0 0
25 0 / 0 0 0
26 0 / 0 0 0
27 0 / 0 0 0
28 0 / 0 0 0
29 0 / 0 0 0
30 0 / 0 0 0
31 0 / 0 0 0
32 0 / 0 0 0
sum 0 / 0 1700 0
summary:
    steals one bit:  3851.0
    use df==0: 3851.0
    old format: 3851.0

field=groupblock
#bit #df==ttf  #df_with_ttf  #df  #ttf
 1 0 / 0 0 0
 2 0 / 0 0 0
 3 0 / 0 0 0
 4 0 / 0 0 0
 5 0 / 0 0 0
 6 0 / 0 1000000 0
 7 0 / 0 0 0
 8 0 / 0 0 0
 9 0 / 0 0 0
10 0 / 0 0 0
11 0 / 0 0 0
12 0 / 0 0 0
13 0 / 0 0 0
14 0 / 0 0 0
15 0 / 0 0 0
16 0 / 0 0 0
17 0 / 0 0 0
18 0 / 0 0 0
19 0 / 0 0 0
20 0 / 0 0 0
21 0 / 0 0 0
22 0 / 0 0 0
23 0 / 0 0 0
24 0 / 0 0 0
25 0 / 0 0 0
26 0 / 0 0 0
27 0 / 0 0 0
28 0 / 0 0 0
29 0 / 0 0 0
30 0 / 0 0 0
31 0 / 0 0 0
32 0 / 0 0 0
sum 0 / 0 1000000 0
summary:
    steals one bit:  1000000.0
    use df==0: 1000000.0
    old format: 1000000.0

field=timesecnum
#bit #df==ttf  #df_with_ttf  #df  #ttf
 1 0 / 0 144071 0
 2 0 / 0 132228 0
 3 0 / 0 121015 0
 4 0 / 0 87038 0
 5 0 / 0 89012 0
 6 0 / 0 196927 0
 7 0 / 0 162880 0
 8 0 / 0 40109 0
 9 0 / 0 6171 0
10 0 / 0 12546 0
11 0 / 0 16367 0
12 0 / 0 812 0
13 0 / 0 20 0
14 0 / 0 655 0
15 0 / 0 1126 0
16 0 / 0 51 0
17 0 / 0 0 0
18 0 / 0 45 0
19 0 / 0 70 0
20 0 / 0 15 0
21 0 / 0 5 0
22 0 / 0 1 0
23 0 / 0 19 0
24 0 / 0 0 0
25 0 / 0 0 0
26 0 / 0 0 0
27 0 / 0 0 0
28 0 / 0 0 0
29 0 / 0 0 0
30 0 / 0 0 0
31 0 / 0 0 0
32 0 / 0 0 0
sum 0 / 0 1011183 0
summary:
    steals one bit:  1090547.0
    use df==0: 1090547.0
    old format: 1090547.0

field=group10K
#bit #df==ttf  #df_with_ttf  #df  #ttf
 1 0 / 0 9615 0
 2 0 / 0 18427 0
 3 0 / 0 29167 0
 4 0 / 0 8738 0
 5 0 / 0 1 0
 6 0 / 0 47970 0
 7 0 / 0 2030 0
 8 0 / 0 0 0
 9 0 / 0 0 0
10 0 / 0 50000 0
11 0 / 0 0 0
12 0 / 0 0 0
13 0 / 0 0 0
14 0 / 0 0 0
15 0 / 0 0 0
16 0 / 0 0 0
17 0 / 0 0 0
18 0 / 0 0 0
19 0 / 0 0 0
20 0 / 0 0 0
21 0 / 0 0 0
22 0 / 0 0 0
23 0 / 0 0 0
24 0 / 0 0 0
25 0 / 0 0 0
26 0 / 0 0 0
27 0 / 0 0 0
28 0 / 0 0 0
29 0 / 0 0 0
30 0 / 0 0 0
31 0 / 0 0 0
32 0 / 0 0 0
sum 0 / 0 165948 0
summary:
    steals one bit:  215948.0
    use df==0: 215948.0
    old format: 215948.0

field=date
#bit #df==ttf  #df_with_ttf  #df  #ttf
 1 0 / 0 2440743 0
 2 0 / 0 2026588 0
 3 0 / 0 1338600 0
 4 0 / 0 572380 0
 5 0 / 0 218445 0
 6 0 / 0 85666 0
 7 0 / 0 28381 0
 8 0 / 0 7584 0
 9 0 / 0 2537 0
10 0 / 0 396 0
11 0 / 0 49 0
12 0 / 0 4 0
13 0 / 0 0 0
14 0 / 0 0 0
15 0 / 0 0 0
16 0 / 0 0 0
17 0 / 0 0 0
18 0 / 0 0 0
19 0 / 0 0 0
20 0 / 0 0 0
21 0 / 0 0 0
22 0 / 0 0 0
23 0 / 0 0 0
24 0 / 0 0 0
25 0 / 0 0 0
26 0 / 0 0 0
27 0 / 0 0 0
28 0 / 0 0 0
29 0 / 0 0 0
30 0 / 0 0 0
31 0 / 0 0 0
32 0 / 0 0 0
sum 0 / 0 6721373 0
summary:
    steals one bit:  6731943.0
    use df==0: 6731943.0
    old format: 6731943.0

field=datenum
#bit #df==ttf  #df_with_ttf  #df  #ttf
 1 0 / 0 10287133 0
 2 0 / 0 8885602 0
 3 0 / 0 6123011 0
 4 0 / 0 2863391 0
 5 0 / 0 1246837 0
 6 0 / 0 560147 0
 7 0 / 0 224188 0
 8 0 / 0 85878 0
 9 0 / 0 41627 0
10 0 / 0 16974 0
11 0 / 0 5877 0
12 0 / 0 2774 0
13 0 / 0 1715 0
14 0 / 0 987 0
15 0 / 0 304 0
16 0 / 0 208 0
17 0 / 0 97 0
18 0 / 0 62 0
19 0 / 0 20 0
20 0 / 0 43 0
21 0 / 0 7 0
22 0 / 0 6 0
23 0 / 0 32 0
24 0 / 0 0 0
25 0 / 0 0 0
26 0 / 0 0 0
27 0 / 0 0 0
28 0 / 0 0 0
29 0 / 0 0 0
30 0 / 0 0 0
31 0 / 0 0 0
32 0 / 0 0 0
sum 0 / 0 30346920 0
summary:
    steals one bit:  30504348.0
    use df==0: 30504348.0
    old format: 30504348.0

field=group1M
#bit #df==ttf  #df_with_ttf  #df  #ttf
 1 0 / 0 3295769 0
 2 0 / 0 0 0
 3 0 / 0 5000000 0
 4 0 / 0 0 0
 5 0 / 0 0 0
 6 0 / 0 0 0
 7 0 / 0 0 0
 8 0 / 0 0 0
 9 0 / 0 0 0
10 0 / 0 0 0
11 0 / 0 0 0
12 0 / 0 0 0
13 0 / 0 0 0
14 0 / 0 0 0
15 0 / 0 0 0
16 0 / 0 0 0
17 0 / 0 0 0
18 0 / 0 0 0
19 0 / 0 0 0
20 0 / 0 0 0
21 0 / 0 0 0
22 0 / 0 0 0
23 0 / 0 0 0
24 0 / 0 0 0
25 0 / 0 0 0
26 0 / 0 0 0
27 0 / 0 0 0
28 0 / 0 0 0
29 0 / 0 0 0
30 0 / 0 0 0
31 0 / 0 0 0
32 0 / 0 0 0
sum 0 / 0 8295769 0
summary:
    steals one bit:  8295769.0
    use df==0: 8295769.0
    old format: 8295769.0

field=id
#bit #df==ttf  #df_with_ttf  #df  #ttf
 1 0 / 0 33332620 0
 2 0 / 0 0 0
 3 0 / 0 0 0
 4 0 / 0 0 0
 5 0 / 0 0 0
 6 0 / 0 0 0
 7 0 / 0 0 0
 8 0 / 0 0 0
 9 0 / 0 0 0
10 0 / 0 0 0
11 0 / 0 0 0
12 0 / 0 0 0
13 0 / 0 0 0
14 0 / 0 0 0
15 0 / 0 0 0
16 0 / 0 0 0
17 0 / 0 0 0
18 0 / 0 0 0
19 0 / 0 0 0
20 0 / 0 0 0
21 0 / 0 0 0
22 0 / 0 0 0
23 0 / 0 0 0
24 0 / 0 0 0
25 0 / 0 0 0
26 0 / 0 0 0
27 0 / 0 0 0
28 0 / 0 0 0
29 0 / 0 0 0
30 0 / 0 0 0
31 0 / 0 0 0
32 0 / 0 0 0
sum 0 / 0 33332620 0
summary:
    steals one bit:  33332620.0
    use df==0: 33332620.0
    old format: 33332620.0

------
global_sum: 61256518 / 77054185 166103169 0
global summary:
summary:
    steals one bit:  184401832.0
    use df==0: 200611715.0
    old format: 245227107.0
